0 0.47578125 0.05703125 0.1421875 0.0515625
0 0.46875 0.1296875 0.05859375 0.04609375
0 0.0546875 0.34140625 0.109375 0.0390625
0 0.3296875 0.33828125 0.034375 0.02890625
0 0.33828125 0.36875 0.021875 0.021875
0 0.37265625 0.3453125 0.03203125 0.03125
0 0.3890625 0.26015625 0.0359375 0.02734375
0 0.4 0.29609375 0.0328125 0.03125
0 0.4453125 0.27421875 0.0375 0.0265625
0 0.50703125 0.37421875 0.0265625 0.03359375
0 0.51640625 0.4046875 0.02890625 0.01953125
0 0.7640625 0.2609375 0.034375 0.03515625
0 0.28318584062499996 0.5226722046875001 0.289823009375 0.5233644859375 0.2522123890625 0.507442021875 0.232300884375 0.529595015625 0.2411504421875 0.53721010625 0.28318584062499996 0.5226722046875001
0 0.180678465625 0.4949809625 0.150442478125 0.5088265828125 0.1747787609375 0.530979578125 0.18510324375 0.528210453125 0.180678465625 0.4949809625
0 0.2743362828125 0.6119764625 0.2728613578125 0.6292834890625 0.2935103234375 0.6438213921875 0.3082595875 0.6195915546874999 0.3045722703125 0.6050536515625 0.2743362828125 0.6119764625
0 0.7109144546875 0.4451367265625 0.7219764015625 0.41744548281249994 0.6969026546875 0.4098303921875 0.6836283187500001 0.436829353125 0.6674041296875 0.4492904125 0.6821533921875 0.4624437515625 0.7109144546875 0.4451367265625
0 0.813421828125 0.7788162 0.8082595875 0.7358947734375 0.7514749265625 0.7705088265625 0.7787610625 0.7982000703125001 0.813421828125 0.7788162
0 0.41519174062499997 0.784354446875 0.43952802343749997 0.762201453125 0.44100295 0.741433021875 0.42551622499999997 0.7358947734375 0.401917403125 0.7829698859375 0.41519174062499997 0.784354446875
0 0.232300884375 0.809276565625 0.232300884375 0.8231221874999999 0.2632743359375 0.8383523703125 0.269174040625 0.8217376249999999 0.25663716875000003 0.8099688468749999 0.232300884375 0.809276565625
0 0.46238938125000006 0.857736240625 0.46976401250000005 0.8438906203125001 0.4387905609375 0.8210453453125 0.4122418875 0.8404292140624999 0.4166666671875 0.8508134296875 0.46238938125000006 0.857736240625
0 0.5176991156249999 0.719280028125 0.5317109140625 0.7345102109375 0.55088495625 0.72689511875 0.547935103125 0.7061266875000001 0.5176991156249999 0.719280028125
0 0.7514749265625 0.6382831437500001 0.730825959375 0.623052959375 0.69764011875 0.6438213921875 0.7485250734375 0.66112841875 0.7514749265625 0.6382831437500001
0 0.6305309734375 0.3766009 0.6224188796875 0.365524403125 0.5936578171875 0.36275527812499997 0.5663716812499999 0.363447559375 0.5641592921874999 0.38213914843749996 0.5840707968750001 0.3925233640625 0.5907079640624999 0.4063689859375 0.60914454375 0.40498442343749996 0.6120943953125 0.391138803125 0.6305309734375 0.3766009