0 0.3746263078125 0.44142759531250003 0.41760089687499996 0.4422814203125 0.440022421875 0.4209357921875 0.4437593421875 0.405566940625 0.4549701046875 0.3901980875 0.44469357187499997 0.3790983609375 0.44469357187499997 0.3654371578125 0.4689835578125 0.3782445359375 0.48673393125000003 0.372267759375 0.49701046406250005 0.3406762296875 0.434417040625 0.316769125 0.456838565625 0.2979849734375 0.45403587500000003 0.28688524531250004 0.46524663750000006 0.2783469953125 0.44749626249999996 0.27749316875 0.439088190625 0.2681010921875 0.4129297453125 0.3014002734375 0.396113603125 0.29542349687499997 0.38863976093749997 0.2646857921875 0.35967862500000003 0.27322404375 0.34099402031250003 0.2877390703125 0.36154708593749996 0.3125 0.324177878125 0.34921448125 0.2858744390625 0.35348360625 0.251307921875 0.3944672125 0.23729446875 0.42691256875 0.2643871453125 0.4234972671875 0.2699925265625 0.407274590625 0.300822121875 0.4217896171875 0.3260463375 0.42947404375 0.3447309421875 0.41410519062500006 0.3643497765625 0.41922814218750004 0.3746263078125 0.44142759531250003
0 0.256913303125 0.5763319671875 0.2802690578125 0.5831625687499999 0.3026905828125 0.5754781421875 0.31576980625 0.5336407109375 0.2896113609375 0.5182718578125 0.27186098593749997 0.5148565578125 0.256913303125 0.5763319671875
0 0.5147608375 0.09648224062500001 0.523168909375 0.0759904375 0.50915545625 0.0495218578125 0.4297458890625 0.053790984374999996 0.4362855 0.0913592890625 0.4549701046875 0.09306694062500001 0.46524663750000006 0.0759904375 0.4773916296875 0.0913592890625 0.49233931249999996 0.093920765625 0.4857997015625 0.1041666671875 0.4699177875 0.1033128421875 0.44749626249999996 0.11270491875 0.43348281093749996 0.133196721875 0.43068012031249997 0.17759562812500002 0.4857997015625 0.18101092968750002 0.5016816140625 0.138319671875 0.5241031390625001 0.1118510921875 0.5147608375 0.09648224062500001
0 0.4166666671875 0.1852800546875 0.4297458890625 0.178449453125 0.43348281093749996 0.132342896875 0.38770553125 0.1511270484375 0.38210014999999997 0.1835724046875 0.38770553125 0.19552595625 0.4101270546875 0.19723360625 0.4166666671875 0.1852800546875
0 0.4745889390625 0.25102459062500004 0.4876681609375 0.23992486406250002 0.4914050828125 0.21687158437499998 0.4773916296875 0.214310109375 0.4577727953125 0.2373633875 0.4745889390625 0.25102459062500004
0 0.553064275 0.2621243171875 0.5297085203125 0.25102459062500004 0.5044843046875 0.2646857921875 0.4904708515625 0.31079235 0.5259716 0.33982240468749997 0.5493273546874999 0.3210382515625 0.553064275 0.2988387984375 0.553064275 0.2621243171875
0 0.671711509375 0.3594603828125 0.6838565015625 0.332137978125 0.64648729375 0.308230875 0.6380792234375 0.2792008203125 0.6119207765625 0.29371584687499996 0.597907325 0.288592896875 0.599775784375 0.313353825 0.6128550078125 0.31420765 0.6315396109375 0.34323770468750003 0.6548953656250001 0.3645833328125 0.671711509375 0.3594603828125
0 0.5054185343750001 0.6753756828124999 0.523168909375 0.6915983609375 0.522234678125 0.7163592890625 0.5437219734375 0.724897540625 0.5549327359375 0.6984289625 0.5736173390625 0.6898907109375 0.5913677125000001 0.6830601093750001 0.57455156875 0.6309767765625 0.5521300453125 0.6130464484375 0.5241031390625001 0.62670765 0.49981315468750004 0.6360997265624999 0.4904708515625 0.66512978125 0.4904708515625 0.6890368859375 0.5054185343750001 0.6753756828124999
0 0.8650971593750001 0.78125 0.8753736921874999 0.74282786875 0.8445440953125001 0.74624316875 0.8193198796875001 0.7547814203125001 0.794095665625 0.7727117484375 0.7800822125 0.7897882515625 0.799701046875 0.7940573765625001 0.78568759375 0.8068647546875001 0.7726083703125 0.82052595625 0.7501868453125 0.8247950812499999 0.8090433484374999 0.8802937156249999 0.87350523125 0.8444330593749999 0.8520179375 0.8273565578125 0.84641255625 0.804303278125 0.8650971593750001 0.78125
0 0.38677130000000004 0.9110314203125001 0.440022421875 0.9255464484375 0.43815396093750003 0.882001365625 0.3942451421875 0.8888319671874999 0.38677130000000004 0.9110314203125001
0 0.49701046406250005 0.8111338796875 0.49514200312499995 0.8410177593749999 0.511958146875 0.8649248640625 0.5596038859375 0.8307718578125 0.5297085203125 0.8119877046875 0.52036621875 0.8324795078125 0.49701046406250005 0.8111338796875
0 0.310164425 0.290300546875 0.2858744390625 0.26895491875 0.2774663671875 0.29542349687499997 0.29801943125 0.316769125 0.310164425 0.290300546875
0 0.8893871453125 0.172472678125 0.860426009375 0.14685792343749998 0.8352017937499999 0.1690573765625 0.8847159937500001 0.2006489078125 0.8977952171875 0.19125683124999998 0.8893871453125 0.172472678125